3.7316473933766203 -0.3264585371165126
-1.4890505155707905 0.673077444058543
-2.1287336603315863 -0.4482774444850124
-2.7546524405461867 4.233118507914698
3.211630915988887 1.5301335585077591
2.9052738764190686 1.7896942247352534
-1.231865351360315 0.8129324587510286
-1.2576061974755193 -0.48571619242951836
3.5547674080956364 0.9039996263350911
-1.7416230747753993 -0.41744192670563596
-1.8164261806645021 -0.07684597857331318
-1.2441379875728726 0.22740993956675895
-0.7766765216250417 0.2323947937405075
-0.6157181025219954 0.2562918343907231
-1.0968725663433854 -0.44199703848289107
3.6763230764878907 0.5398898140055135
3.7449984702247447 0.2599487391208976
-2.22366019110111 -0.385278102608537
-1.1749139208488373 0.07357858246386648
-1.4393932958617413 5.9396998029213455
-2.1415116872278 3.494199116601896
-1.3264629795207823 0.028256284622618283
-1.2239244333415007 -0.20744254785696042
-1.1958002841508457 0.8538751799933672
-1.725192819605828 -0.8307535432924104
-1.2149921671776107 0.6237829186247285
-0.9365205646777972 0.4653374474773556
4.154010802379656 0.5191483805564054
3.4773600451957307 0.8131835469217945
-0.8073627808501623 0.9038855947622296
-1.643738876541676 -0.6146099750600211
-1.0160678658968587 -0.25172059417101655
-0.8118858397036156 0.19480306412446233
2.8419090246734093 1.7433372911093898
-1.9636020773481944 -1.1975483028266969
3.9069634982752497 0.44657109265146655
-0.7611050902120383 0.07916798945823339
-1.6686146379350288 -0.151705152838343
3.3653094113744717 0.8867637888227138
3.1746825047332434 0.1683796020414996
-2.681034161834557 -0.8756971700466214
-2.4308467182953315 4.207708807536836
-1.5988107620902459 -0.6116849344967893
-2.5541244563286596 4.3543721264767585
-2.165465085851509 -1.4399391910421484
-2.3879263095801413 4.450215115088404
-1.398647402351909 -0.1917916569259574
0.21322595918286202 0.9923959314878216
-2.2671821625427464 -0.40604465385604127
3.153557778057218 0.5012430249989208
-1.3126767539642605 1.0767550368138716
-1.0296938806447482 -0.13767853721775933
-1.1317636188012656 0.365018683561417
-0.8200118079879698 0.3657853458680961
-0.8649225011167454 0.06489347413619001
3.692750484517668 0.6157438678411022
-2.1500777541621794 -0.4254036519491532
-0.7806466254208166 0.08283175356753861
3.207278347174843 1.5589874312258194
-1.06705768499024 0.33357331603702467
2.497324383527185 1.0834200335933888
-0.9148418875904352 0.05750116205162403
-1.7160247778555702 -0.1013191180947142
-1.8803254177464848 -0.30366792778402696
-1.9131615417160264 -1.4716346351115832
2.5929910451887315 0.9067662402890738
3.1547410647515908 1.161250380638836
-1.4871197663979072 0.1044662839098717
-1.4511754129031993 -0.3981821703394589
-1.4719506342802748 -0.46098310576062873
3.959741734411011 0.631210091041713
-2.1431653561077857 -0.3712708163519408
-1.4775924608052586 -0.3194320301501832
2.7244966804940214 0.8258203433560665
-2.1022348735838428 -0.36128177683567675
3.1789955160888046 0.47998263460479296
-2.1729530917490343 -0.8380255969218425
-0.2751432603774804 0.7123451223021967
2.249098699531451 1.2685101196561221
3.26990050691109 0.8889807052861762
3.5401138136117383 0.7559060422627116
-1.327720286046961 -0.7513058773368742
-1.217652436134628 0.6804567801644509
-1.8858872426467295 -1.0184623703211522
-1.330086556625986 0.38171481421840037
3.127864384631996 0.945233052779584
-1.4555543124274186 -0.6587500730309332
-1.885614464210927 -0.31612222194456324
-1.2589356921903023 0.535194915460128
-1.4990648299511486 -0.5931886819841965
3.455318239767435 0.812327843496488
-1.2828282255624486 -0.5100848779944358
3.0165116824630958 0.8500210919296929
3.1433648537230687 0.8007898599379533
-1.439489032785097 0.3326694871527741
-1.3957610867808383 -0.863887048162536
3.5897500402639646 0.8133609352524872
-1.02490697094788 -0.1181314454846085
-2.5069931837674684 -1.680967943059724
3.201774860601776 0.5371754604028152
-1.5832639003021585 0.6306011132651934
-1.388677752597984 -0.06737984830461083
3.5947077548442596 0.713350156517993
3.8536944049216286 0.5878385747299473
3.209296129481721 0.6696871703737799
2.6597952372709504 1.0679124269988105
-1.6571612317924018 0.0332705262167213
3.6346367055461504 0.5951048830104854
-0.8361156780061446 0.4455299912830818
-1.7964206166531622 -0.27312034117246864
4.144049014683093 0.5586366187801898
2.922119729239671 1.3943216621838124
-1.0796422528665994 0.4899853877467448
-2.4360467316159804 4.1933526258974405
3.9402040182507827 0.9770972282083082
3.4660533581328825 0.49961017169234845
2.6492484959795184 1.457739201616473
-1.9109575855919578 0.2665166902996524
-0.9091433263345404 -0.06255710941010331
3.9298958463174056 0.5436177257218309
-1.2273741046398141 0.40458932568113226
3.343437323091364 1.0451403422797887
3.2763339386063284 0.7021319108893864
2.9896571400250713 0.7817351637464082
2.9463793556590008 1.0717280124183053
3.5223877263541894 1.0744311073718553
3.369433403214059 0.8753051074691538
2.5495064383232973 1.5829956830780691
-1.5296868817867082 0.33232398147255027
-1.6683527083648446 0.03750275715546614
-3.016890098980018 -1.4172915337658287
-1.6808417461673666 -0.5278157624173548
-1.0247630796299227 -0.25755756582300093
-1.2225325929887063 -0.8014764998118176
-1.6838523782627712 -0.3940513436860582
-2.2801232325882785 5.0977850891994265
-2.053997237823292 4.2048714722859035
3.5071050791523612 0.8608744125608894
-1.1609822132538397 -0.006983956710751554
-2.1205490762074963 -0.4893371959859668
-1.408085778855596 -0.6594524174186076
-1.2982931111678226 0.5976858628220122
3.6004228201766693 0.8731154620928846
3.749133978591401 0.34666559871468
-1.0383150720933076 -0.3114923141277811
2.2976673074389247 0.8885263731250013
3.1317944261911213 0.9278914754626522
3.229607802093765 0.9734606777265015
-1.5697243312897506 -1.040850613483748
-1.5999214199115173 0.3244704902598078
3.155540595953097 0.17570968886067806
-2.152383610277092 4.8050894819113275
-2.4384297766065073 -1.367105217249618
-1.7708552496766723 -0.5852625644028453
3.7335477685940277 0.34715469123235054
3.593539549305719 0.181859263271123
-1.4508638656718946 0.21551170131902767
-1.2490421862259051 0.652377162190133
2.950577962066731 0.5932802791564519
3.210034329310588 0.7586133797460771
-1.2888961702779458 -0.37920535288169666
3.1583742701588173 1.0571507610439717
-2.023903311023776 4.311747597260522
-0.6228593533262319 -0.7337044040792156
-2.3245123214063845 3.3402818237864524
-0.9370387414725727 0.18167569275656
-1.1358016716318409 0.4000979925050864
-1.9982670339914064 -0.5836591027927219
3.1718216270119566 0.6988561768910732
-1.0993595217019274 0.41536741406003985
-2.6662575033066225 -1.1827931675543226
2.5995114530942436 1.2263329445576399
3.7656174430636593 1.3294483544919462
-0.40885409410504114 0.8899404032577277
-1.0424702979154186 0.5940163480489703
3.73888739249637 0.3564007298990657
-2.0818758132355324 -1.023494239792281
3.5129343575121106 0.771020589049486
-2.0842412185241264 -0.3397937661261967
3.5040227595639104 0.9471499372652106
-1.122562868116081 -0.1645610977107607
3.455491404476676 1.2341853887760001
3.6207321679834736 0.31033209042821286
-1.2669862088088544 -0.5774974117746193
-2.4563304640666868 4.64642292985688
-2.124194133546826 4.304749549053269
-0.9462931357433575 0.4171047466173219
2.871956180733407 1.2395985503659932
-1.1466115744719214 -0.6714457933489236
-1.525627925933698 -0.3543326026603163
-1.100736424338936 0.2653394414678196
-1.0827947173931327 0.0888842323587665
-1.0870615392499092 -0.7684586233972698
-1.763467802398821 -0.5397658522487303
-1.3206394851499221 -0.10320233916621363
3.5126052692800083 -0.05567252616787666
-1.8747524673164349 5.620519869468891
3.5797100713667254 1.0630329335203779
-2.451041744098512 -1.2818851661685948
-1.8836036342231748 -0.21371399407264266
-2.055972101368329 -0.889448021375749
-1.717779577422483 0.0125851409514601
-1.6396497874567473 -0.28880865506907616
3.9133046170611436 0.454035571736418
-0.6277499964269823 0.5569417842753502
-1.4299030948222264 -0.6967445308650899
-1.276357644428542 0.15847623580277106
-0.44424288878324836 0.5777336397306558
-1.521023074057062 -0.29955406411190016
-2.233422119458439 -0.994116366265932
2.8767091534348754 0.7220123471329135
-2.2669422362365856 -0.26849464805127465
-1.2295904964733693 -0.11556411784157143
-2.6320932688970524 -0.4723511552256603
3.940006330595521 -0.297301510691072
-2.075062419779763 4.521851310649338
-1.5312887053682187 -0.4141549280899526
-0.551499703189613 0.43473586067067294
-2.6754972362391505 4.0737953798922515
-1.3092052328830228 0.16421202666937226
-2.4012147893570797 -0.555880409648367
3.286049300885661 0.7965008836142154
-1.6567884506844557 -0.4415486843945793
3.394662943763607 0.3763353539116802
-2.827911619443054 5.011730229728593
-0.8722473144585237 0.4343849120793256
-2.161280746467174 -0.8407822616948708
3.6539460686444243 0.6613265584075758
2.8650653686659457 0.6031189513348265
-1.0076683348194175 1.180181933611111
-1.2352468881171785 0.6547825157090287
-1.8039545908152403 -0.7950501475126979
-1.9582676235979735 0.30387524821572454
-1.3929038884246985 -0.37550520659752207
3.45123938547765 -0.12697510386884892
3.250706642122139 1.086714766110623
-0.23291358695725162 0.45747940983095825
-1.281385890582898 0.08784425955007394
2.9536677408964938 1.3989296925049293
3.3066300381032208 0.7613826429044235
-2.025915681903424 -0.8586240540605833
-1.7190056267477336 0.42946621131956253
-1.8155171212077237 0.2759674378775362
-1.6734185153890555 -0.2960040165659107
-1.4766708330070406 -0.6906186661886787
3.27550322764184 0.6757813970470018
-0.8529704728458367 0.6001369840480536
-1.0010889985864215 0.7673654522989749
3.4904755451311003 1.4070698089842364
-1.4268831246742384 -0.3935421209806581
-1.6402505279532449 0.07059073886940717
3.5457243129632086 0.6933360349881512
-2.536688013455572 -1.267325585591201
-1.652551302278368 -0.664974366925356
3.7888339746788113 0.4241768969240746
-1.9162350366743957 4.446343495875512
3.211715587471006 0.9157102898671683
2.644135613222873 0.9711902704129654
-2.2202223795406586 4.604012329075296
2.759093173644545 1.5596773280040686
-1.9765916036799474 -1.1156222429155027
-0.7726379579628838 0.01827232940778148
3.791847830129392 0.6891269366964624
3.4638511410509256 0.4261289777930249
3.4804588099018074 0.19078413655383708
-1.792042651609318 -0.41067505606733157
3.8587974715441224 0.3336886271617775
-1.923851418380762 0.5312573762972095
2.7063354610861468 1.2869834920273735
2.6791324335697126 1.1084593489263566
2.8774217506255555 1.6259916325342445
3.6555528546884033 0.6231898680519705
-2.35254361861089 -1.1823575953004102
3.8218146960777872 0.34744770676427394
2.9502619028214667 0.39447050761772734
3.3875176239180513 0.41280647837964624
-0.8140481958320331 0.6984593231474466
-1.516333453753268 -0.7849522806532607
-1.528875429451255 -0.6032109253110071
-1.7760796913630237 4.359056083691157
-1.0527546856302294 0.34786553357368355
-1.2444545558081868 -0.739877827077399
-1.9144181212330988 -0.42452532596057657
-2.839730625547028 3.872309030511209
3.610267804150575 0.5089797174901325
-1.515533705664064 -0.15717640398142468
3.1444007650318184 1.1883456840526896
-2.025766257797893 -1.3072376591114658
-1.7818318378991982 5.074618147463562
3.457139793090331 0.6647898733342715
-2.549241423316132 4.48904726189566
3.136169761020656 0.9313275548236926
-1.9624881479876983 4.42806680530225
-1.9111106464781569 -0.39686002644908946
3.7676410626200085 0.9080303422926699
2.9029284339903603 2.0351212418846454
-1.464113327831946 -0.035849923442417636
3.2287310087910495 1.221451985016833
3.269694596097136 2.0545403291325717
-1.8360499563817148 0.1564858426423744
2.89622667027496 0.8537635559734477
-0.9417195147437539 0.46338886388263745
-1.590823419813065 -0.308039679773725
-1.5022869968913675 -0.4917007592225797
-1.9531685479116685 -0.865158268018635
3.995781648407591 0.26903035434429745
-1.1912593022958868 -0.9410889835067745
2.826759362500869 0.5887053428467185
3.772084788385372 0.9126791855696955
-0.6575612645922648 0.6576546337890091
-1.591412685740881 -0.7388626185313463
-1.36213510737203 -0.6132694055044801
-2.130731816334297 -0.7212901321022391
-1.77632400084028 4.482768236997654
-1.488350082910014 -0.3846040652654465
-0.9325110087107122 0.783908755385624
-1.9424438711949648 -0.32683022141985785
-2.158872852381518 -0.9797291472124655
3.5276464763736906 0.37636788545742206
-1.8371908225168245 -0.3704415155540611
2.9837811201830493 0.8064307086009319
3.346860035674929 0.6703665569695902
2.65789442005191 0.6764311598908144
3.269945248102683 0.49021362394760976
-0.32877754466889897 -0.18403736958710923
-1.5873170743747504 -0.5178570716307112
-1.1645082785489693 -0.6355678160311296
-1.697401984073593 -0.5951615838995241
-0.5908464162196216 0.07674812867126837
3.6398955097130274 0.23952626940923383
-1.1751811779891665 -0.8196167256286169
3.8472686805624865 0.05542515338704923
3.7996609404592596 1.0117845918196378
-1.96663222418465 -0.009924538181284998
3.491397375832268 1.0322140357469638
-0.9125617035407214 0.1626532386897205
-0.8809907786544362 0.04804404474729615
-1.3984334220869374 0.49995115903813836
-0.7447509402755245 0.6220690242928933
-1.381397150645368 -0.3515413880723329
-1.5042975726359 -0.18215006693645752
3.4090175907450795 1.0292479861760884
-1.487649556635889 -0.8814354186983769
-0.8207256439401008 0.31077207561747255
-1.694018867794056 -0.1298920869060446
-2.0028798109576713 -0.5825554957999994
-2.368275628797444 -0.9041299503118346
-1.9336232135457696 -0.34871179878119807
-0.49555495366488056 0.09221701198837087
3.963415251131953 0.9405643647550981
3.3675939088269806 0.49780609690066974
-1.0743992774113185 -0.663031056029958
-1.1336246273731687 0.09796223902606313
2.568360402724742 0.6375810162859967
2.568826723133829 1.3624938113264555
-1.385484901103986 -1.2025042141604583
2.8850593074056716 1.2321761017613937
3.2301372997299156 1.4609548564070247
-2.265750214804613 -0.18076329373642916
3.451033766951862 0.9545200311882014
-1.2220591516543633 0.2754813341861917
3.857649225361712 0.3356535045383682
-0.7315454958517901 0.8517983746433103
-1.9687685430494064 0.1766896959997644
3.1972699354875145 0.6311119579252631
-1.6155839503376268 -0.5264855031149207
2.921347807972268 0.621262683205821
-1.2313154354290565 -0.07036555807530553
-1.0906783451142643 0.7347021462583104
-1.4907260113774357 -0.11276086885147311
2.844728563166667 0.7718958224491288
3.3456984861246806 0.8811951156558286
-1.3402133507236496 0.6347284578629387
-2.2547132662465983 4.2097166706283
-1.407798456776234 -0.26178825737975214
-1.6501811497792753 -0.20649325595115262
-1.4360061555766006 -0.09068155620750885
-1.1809700037414164 0.10496879404890011
4.026883879554803 0.0398170401365866
-1.5447594362221286 -0.801142999183421
3.1871334242676457 0.7955721498962827
3.059429602819633 0.7940854560717949
-1.610858331663986 0.10911111813920849
3.4485684979887554 0.5531379148694167
-2.3250988497350384 -0.6670473467882029
-0.8102491080780652 0.24363363714467975
3.3967265245466036 0.5855972975301046
-1.748250955677155 -1.1046481468228804
-0.9871046938551578 0.45496199417409333
3.107853295028948 0.6195156530023737
3.0651133412493348 0.6840733796035863
-1.5788169151607845 -0.5172388643035407
-2.1304582763619533 4.351603394619175
3.129546228105186 0.739869901772632
3.567387558526432 0.5077005011184671
-1.7271453202351439 -0.19340287351415694
3.018159201396328 0.6224748872150283
-1.4726877635352673 0.08540954948711857
3.3547127318430445 0.9226567357918871
-0.7457648507578065 0.1968444843140629
2.6369793045971726 1.3148929589145941
-1.3747233606994878 0.1811026714929269
-1.9946441839768658 -0.14086996462937182
-0.6206972432202701 1.2641692873965218
3.2874790879612084 0.9239139015041598
-1.0774393242031048 -0.19650928567059645
-2.289096834746762 -1.4015273623086657
-1.8840784787120446 -0.3201213874054035
4.150507764151736 0.5990238883342344
-2.1546613367077283 -0.5778190827675557
3.015526027644419 0.9159133312395666
2.6237386707819716 1.3583999232310127
3.270497558493557 0.49206991074090384
-1.5476860636609377 0.01641831044985692
3.5243809059897417 0.4483618442627354
3.836011304901477 0.17529021018880164
-1.409493211899097 -0.06183210754738348
-2.0033310110843194 0.040484336077107136
-0.38791032675273285 0.4820987472721612
-1.3600034274131294 -0.21533584156168084
3.338749751706129 0.46267535592677556
-1.2641433663868316 1.2375467328525
-0.5884391744590985 0.39418332455550853
-1.0534762826497976 0.2064281647890718
-0.9339506929518973 -0.3065957708296202
-0.8636931092886557 0.007680707383904056
-1.2980360657534593 0.3158006182188523
3.60476493077894 0.23504598255441878
-0.806991181161718 -0.4183710652537478
2.747984298559885 1.3626589011328667
-1.1253730901611023 0.3492069998704097
3.420186904951023 1.05426533819689
-1.072955105204111 -0.12044207777550461
3.6440161766974484 0.8703806427840783
-1.4768912665167047 -0.2566224357892256
4.168155292800797 0.3598083877990376
-1.5167172034861143 0.038394166727879514
3.1109362715845266 0.3031919272964553
-1.9249817215077347 -0.26121783654028663
3.9536648889593784 1.3071967084612566
-2.706034323665087 -1.1112905655916552
-2.3980058528349626 -1.0204552621956522
3.6645690098283428 0.06759790988123571
-1.941887318007993 -1.1219600406149266
3.2946167208565775 1.0811867781930549
-1.384387944133705 -0.30117391303899954
-1.6760663157174989 0.15643311274127505
-2.3995308234032056 -0.8671916443028049
-1.1168915076940265 -0.03405666374412432
3.044762295442022 1.689189351555926
-0.8058255156624307 0.1871979759786467
-1.4417508984776133 0.4211828474281655
-2.1728822097770544 -0.7151819593740621
-0.5420785349232414 -0.19726262537242975
3.208093088415918 0.31575696444700696
-1.6718223003743928 -0.25512190100767185
3.1873797305307727 1.4530344046059647
-1.5447276022781096 -0.732857903610539
-2.158778392866244 -0.7698055272836176
-1.8520305777854698 4.861879371152454
3.006194914161753 0.51914130022477
-2.1102738719065077 -0.18881554733572656
4.0445766480758625 0.3924072719238957
2.1871466784253752 0.5721512266354771
-2.250081125329577 -0.6958951641728883
3.197456670321742 0.8160891817645173
-1.848021412321319 -0.22188352653869092
-1.812906626869817 0.12514856904760815
-0.9607397837046503 0.06993577527435432
3.223480198069637 1.209559791118947
3.913886056166281 1.444823655091573
3.3524629303220945 0.3454851337813486
-1.174836978503953 4.013319103999475
2.7247715100815504 1.1589122816962956
-0.7692955405753746 0.6439539851134802
3.549457005293811 0.20379482782654246
-2.306278117856241 -0.5381054696325657
-1.7087023178641179 -0.33888857437474207
3.357239877713021 0.6592766436348616
-1.8337960870679049 -0.3743893011850489
3.7190041573170403 0.4627811385918569
-2.1372947029587834 -1.2433739236836232
-1.633585091698304 0.055211572395882536
3.902042309375884 0.10663555758785648
-0.9961898951993734 0.5572169925779836
2.842829350565503 1.2128006145733596
3.3511695670792494 1.1092183297922922
3.45633564823839 0.6873978990725127
-0.8183151030654303 0.5014067032808829
-2.039690616663715 4.712993998412762
-1.3247756960929398 -0.2835903083470773
-2.489654784247933 -0.7601315341226091
3.6235773640864535 1.3555607370275067
-1.4196316573119871 -0.07050274456730732
-2.055819646413102 -0.9255075131161499
-1.0583882087008245 -0.07436094005882282
-1.1838999646673876 -0.1899969990376568
-1.0372888725139595 0.08970623905380698
-1.2968627849807661 0.1806535149023635
-1.7375465339269365 -1.106412406259462
-1.9283074032535135 -0.14829808260606556
-2.0562341131374233 -0.42185245280229744
3.3024236075805566 0.8219545325443012
-1.5010861762634946 0.2789926542140706
-1.1672678063146593 0.03359616995625875
-0.5317816811303889 0.6674782952806405
-1.9976883361358027 4.975188137082606
2.258394463247806 1.1207811845643345
3.1605760290286367 1.1327946417839845
-1.0425819248762043 0.47332766769088164
-1.047999313827706 0.014351373918830151
3.0757288622481695 1.3748437542483836
-1.4137924117531078 0.2818790839456061
2.621233740727666 0.7407514269115935
-1.7588082288620621 -0.5164003299640315
-1.2595542540441813 -0.5268038489056
-1.3315732404778033 -0.20870420652727684
3.371088094101639 0.2636458006525571
-1.6270194399217877 -0.17096795626954958
-1.0131772029219086 0.06149017560642478
4.335779613420017 -0.12844167388754635
-1.7218823536004488 -0.2808738231076243
2.9677198869875863 0.9899322813369441
-1.6545970420448903 0.22735883598478804
3.1437718966354202 1.0995645439775128
3.7450033166403567 0.5398075301942743
3.3626693877136216 0.9967963387617949
-1.9504792240942792 -0.2489534228555361
3.9035447590778203 0.7125545867905213
3.5985726345576654 0.8493979056264171
-1.976393524403489 -0.9351128283506539
-2.130754015740159 -0.260375032700219
2.869922253440337 0.3116198424515656
-1.57349197116398 0.22252364853991982
-1.3426036171327245 0.6873261170728672
-1.8601726789690476 -0.626600701952847
-2.3238786299979344 -0.9797378440479061
-2.7192254352357246 4.550657100277807
3.0856777226502934 1.1917963794128146
-0.8422721405301643 0.16584193605066258
-1.3675352545795059 -0.4303474711462284
-1.7086352800249496 -1.0511578704124562
-2.488726593213354 -0.8767735555133006
-1.6618948107793918 -0.015121495864289902
-1.895794691924191 -0.567205285831681
-3.170413357885071 4.1737485111489425
3.612773556434014 0.5715355530259156
-1.7351196209607151 5.17659790380401
-1.332115955316489 0.20505976957995545
3.1356088298150606 0.6422555661927138
-2.0125992657933 -0.34967243140564663
2.878082218986711 0.963378603284813
3.420369104130821 0.7344483779739649
3.5730976311452336 0.6496585974921473
-2.4731926688936925 -0.09010354139679619
3.0197066123424956 0.8581528061492802
-0.5165308056069781 0.2609982957448187
-2.335374331447703 -0.6726809338212584
3.2062046990790636 1.5690753503616222
-1.5351955451083994 0.10138014550019511
4.119414103765872 0.3402130875267675
-1.9523525293823432 -0.7946146194447895
-0.8898644332273753 0.722096793290132
2.8565594661524876 0.6815048424683716
2.989266711257717 1.1211584574699747
-2.0443441054628915 -0.006586140549664027
-1.4309675468808252 -0.029418091993846193
-2.128867405145697 -1.050199751239282
-2.0305066937199507 -0.48726338479542997
3.175796224114949 0.6826313861549207
3.509521073870509 0.305451493944467
-1.144300374085121 0.4461903158577897
3.5917354982640366 1.170995310764936
-1.5436394054192162 -0.2734143295344921
-1.308695332149995 -0.5655094651495454
-2.64667328064425 3.888737975272482
-2.0713182183762666 4.257342767029162
-0.7626352603271341 0.030562243347923318
-1.0971821569208071 -0.08171817866138925
-1.3781172959346013 -0.34453688943137106
4.0490830222564025 0.7568513811722878
-1.6186540357547756 -0.5817075448904053
3.408875492371956 0.673068418258896
2.515402338512728 1.537144829860766
3.102205769966435 0.7827184066482019
-0.5114032452369779 0.5562896693286058
4.085724193840751 0.19202784698928044
-1.0892170277583944 0.26740404256804495
3.675154145297164 0.42027039338699373
-1.7561034960153923 -0.3087279558948447
-1.3846682369757728 -0.3804194072491618
-0.6585887303994148 0.8108841892870907
3.111540933690929 0.6725160505493488
3.9996291934501538 0.4608482932307
4.053067403820783 0.5075455038336433
-1.6734941907060263 -0.5952970040192345
3.751097305868079 1.178203661312941
2.1781046872637058 1.0219861904815914
2.887976477539495 0.4807416715416814
2.641010738662778 0.0617768439368499
3.317031729992062 1.1060446206830306
3.1925510217491806 -0.06256111653453389
3.1253985046045454 0.8238145140797539
3.316989230286754 1.2963698057959783
-1.2935422592986903 0.24081508054149794
-1.3854575430426286 -0.10437627177876095
-2.217811281837225 -0.660931592623841
-1.5471567507288124 -0.10676538697706876
-1.8743245344649553 -0.3130900864377892
-1.4460017301414374 -0.3656934950253565
-1.397503040906013 0.5658535321002156
-1.2958678513831576 -0.29281537089772
-0.8306907475996504 -0.16540646221560276
3.628524127671568 0.22379427769912297
-2.9150906200565254 5.469381569038471
-1.5282207795961762 -0.22773529587673494
2.916967559470009 0.35473955336417584
2.9853177435234723 1.0625224427753825
-1.8598777164773037 -0.7088230754304791
-2.7264524072498038 -1.6136919512486665
-2.159559869001765 4.997268614306233
-2.065991644825459 -1.2177096931038076
4.481678540514105 0.05541740752861812
-1.3580027116660385 -0.06315071108102618
-3.1219781218037643 4.074250125232358
-1.1046770866996682 0.19646092354923297
-1.0786819641922396 0.3352951373746125
-1.4516199997306936 -0.7856188093259968
-2.6351822148417248 -1.5150054768723782
-1.015512365183131 0.017801621451694005
-2.253354450694513 -0.1923794477458501
-0.6629088165790774 0.40496357270191274
2.735466718743516 1.0249171241768669
3.500313301781806 0.6691223101636394
3.6371815795027347 0.8891829776244237
3.572163115905892 0.5771909070445943
2.9808122833065616 0.7804325003611867
-1.0111180266303468 1.3197676309447095
-1.9077639105015325 4.51396696039768
-1.6294360815037099 -0.09066775382225056
-0.15022618964385326 1.0758305293584536
-0.21248229343495706 -0.09224011703188381
-0.7535710290575733 0.736397302240983
3.993802708473628 0.757661984812947
-1.6883895680192098 -0.3759277280898683
3.8901207323711975 0.18674991448237832
-2.204623219257424 -0.21743093744477612
-2.1248168497873534 -0.4376295368162093
3.7250943808380668 0.37479861679556603
3.632029982918263 0.047732665048426104
-1.7860875926669602 0.04527406098007289
3.1803220665420575 0.8179484076352614
3.4117449509771243 1.2949415164960698
3.0475081513896325 1.0607042728464013
-1.22019509713302 -0.032826125612019585
-1.4246796237875043 -0.5586719920696074
-1.8107661817512486 -0.36068781470789923
-0.47143525713779366 0.5939465895059444
-1.54178237255018 4.710213666162872
4.187287907981812 0.15119947888420093
-0.7706819582699161 0.3697104009564445
-1.7769274611912338 -0.6715875126158356
-1.5630173243643368 -0.024687472752339082
-1.7614012842611784 -1.0203716198746897
4.254360352471165 0.23609676093838017
-1.5885776924880106 0.2913597584143548
3.5246366610712956 0.6615153765336678
3.3528498985434285 0.6018255193130377
3.7313093643793347 1.0712887962228719
-2.2102492544101056 -0.7878517522889703
2.7322347810833962 1.22057008744039
-1.7711900588103524 -0.8805755614911058
-2.061165755836462 -1.3767001848638467
3.529790944307012 0.720753636717636
-1.428445137565376 -0.22152150239643478
-2.5545978877823616 4.383969372835845
3.009994818694887 0.5404402372483649
-1.3026104326892642 0.3184787689199239
-2.0084516414078415 -0.36996116426660713
-2.30588965701114 -1.0469378900916089
-1.2231668550348163 0.22758386935721833
3.3881925545954847 0.041442173828083795
-0.820614676164559 0.19281186862887348
-1.555247705120435 -0.08693920398520887
-2.059851474607365 -0.8861605678617291
-1.5640128418577115 0.5442341971383468
3.377603840338508 1.0655976108249172
3.3362988896948162 0.9102587308685759
-0.9688050120014484 -0.3968137390997142
0.200180364014386 0.8245848680450835
-2.0231361443484897 -0.11371501516212021
3.4486969047594735 0.7927276688599113
-2.481812076074363 4.21406945986052
3.8789999125802033 0.44182355034619375
3.4131242755268887 0.6907363566018162
-1.8824125223330743 -0.11850778100658957
-1.231218831083758 -0.28533149415220194
-1.980996052657058 -1.156306840775687
3.219245496193666 0.22760332189803323
-0.8610066224804631 0.39980184229203564
3.1856800856687375 0.4695626875828541
-1.3073491899307044 -0.2554087756868531
3.171835452032698 1.0796655448670514
-0.7922730139469879 0.7407173017184085
3.2186584110465 0.6521402206293732
3.7111563315022718 1.0970810611451327
3.6440352799093234 0.7673365223242405
-0.9837239954083346 0.5605772023559237
3.4860562687755245 1.032989878358105
-2.2047031327345983 -0.8694501187517838
-1.5168922413527723 4.987498235081898
2.6684214770955785 0.6626771180669471
-1.2554096864361717 0.544653388501076
-1.4346919230774833 4.6272104568897365
-0.9559970442066719 -0.32188780730506317
-2.4242569891573162 3.8784584238535964
3.6601923553163944 1.1200882431854715
3.1660882749745864 0.07806686798481222
2.698621913017708 0.7030787400612052
3.288084106318827 0.9470062167480874
-1.6456077936731284 0.04677182045821682
-1.7513565736609726 -0.481989447841607
-1.8780528342019476 4.271865011338303
3.1536925468964423 0.7626742386378834
-1.0576505167340449 0.22916932531953663
-2.678055319932419 3.9149777481926886
-1.4943583962870215 -1.009623029718249
3.6370476324502725 1.0235845682416618
3.5324854506713987 0.8814390631263901
3.556520365935392 0.6274168100182085
-2.6559779966166253 3.9055013109114984
3.2791253707373964 1.4644751907110027
-0.21718294605197808 0.9772991499938689
3.5628089850020843 0.7062518065283346
-0.5967532073881052 0.9993721307790439
3.2066950568083508 0.01607428193168592
4.068534512848564 0.48782463815538496
3.07078560628744 0.08862036001427265
-1.023473733908852 0.2006557977085963
3.1408721498848293 1.1175398915261865
3.6295798780943236 0.8413146216944253
-2.397940376243287 -1.702259279933781
-0.9170283229926103 -0.4232836138880859
3.5368878857244876 0.1791782699326172
-0.6969400302521238 0.7806239617836821
3.0332526962783635 0.35595880036476407
-2.4657796562870837 4.359264340653027
3.3126490359325205 1.1897073503761595
-0.8560800247022077 0.5140480650974156
-1.2929232458599365 -0.052511835594094974
2.672049605869401 2.0566086188213064
-2.149763031680104 -0.7506019865905861
4.247380126488432 -0.3468224430435217
-1.1123209686596685 0.2538945801200887
3.606014150051924 0.7244902851623478
3.4780121831517805 0.4530463802639489
3.253624087674018 1.1014092566462723
3.0263536109373157 0.8669907678316111
-0.2999371985349182 0.3061369671268971
-2.2067369528820615 -0.4790049761157331
-0.6069911777576632 0.4218761304541656
-1.9064985559236993 -0.4401107275293582
-1.6083538155416357 0.26175968377093173
-2.2547561493389963 0.5142760962154448
-1.4914640731184425 -0.7762237662519784
-1.7155973862609644 -0.6988910497257242
-1.0998387271768937 -0.40203973076914057
3.657090813827356 0.3581694468558127
-2.3543569364462518 -1.0739747650684845
-1.9971355998790596 0.2573265211466701
3.1111010029672883 0.30251987939895786
-1.7037839262499714 -0.9298122348420855
3.3991914535057823 1.4167779156075222
-2.0166689285628943 -0.7390902826962017
-1.658849483552808 5.05132231541539
-2.2783321092892246 -1.262999101627323
3.5468957747275875 0.25548786337859597
-1.6108595234581997 4.535621868202167
3.491929785163552 0.745118646964293
-0.5764874458828515 0.39665136172907
-1.3247583107600291 0.8449561348450874
-1.7122334434789084 -0.573814249917234
3.3474741834578428 0.5043877364233631
-2.21877422937109 5.220940348056067
-2.1511705198528572 -0.762143920517443
-1.2005450543036333 -0.10752271507605662
-1.4481976479551593 0.1376822768911459
2.938940373864959 1.0110747870954264
3.533198796006561 0.733285576248061
-1.894982093313887 -0.22331320618611109
-0.9072105459296916 0.38156549892170377
-1.4671072946899149 -0.7142175747517069
-1.4525550427504101 -0.4419584433292969
-0.8149222466395344 0.19234076956708643
-1.8451462884476042 -0.5825872581547462
-0.724058859395459 0.41566307956164195
-1.2890126003767075 0.18740852770668862
3.5914843338197495 0.5324474340232949
4.0920512888833365 0.3661878082083213
-0.9210718268012137 5.297383402268974
-1.8954417021312215 -0.3042303349667539
-1.816300093124403 -0.5385979517452966
3.537342911388773 0.7325526178338533
-1.3106108501542808 0.4874926168735698
-1.9215518068343473 -0.7367133301100871
-1.6583725507821043 -0.958711327305469
2.695262504665096 1.5543515105705965
-1.6200202202278737 -0.1533753066530494
4.149892633965825 0.31670954987828714
-1.1480527177676376 0.1847075335102785
-0.9579079440933533 0.7597384400951207
-1.652392603260869 -1.1257776313894572
3.5506158683544253 0.49489914884872144
-1.397983201972111 -0.5879579293948601
-3.2979040159896518 3.3704003278667845
3.4869519209236213 0.48114641375567535
-2.272880241566587 -0.9689397560756035
-1.4789320440374851 0.41408333932411423
-2.4444294405536606 -1.2559738922077301
3.808629257716798 0.7522659097891629
-1.473178783230522 0.43743170089101413
-1.1475523681973125 0.9221736189119828
-2.3792871085522007 -2.000960539170795
3.753712546177051 0.5016220622480476
-2.961625241325999 4.207911842810825
-1.1849888642349953 0.04917933150427195
-1.2958540319648244 -0.0049254915121367815
-1.4346724166689402 -0.45874973029862554
-2.6738348669682646 -0.7736869318301065
3.2172806507812877 0.5576322105180006
3.1201944150449625 0.45818816965470716
3.230470208272758 0.27160022107200554
-0.9992891611882997 0.7795235953460719
-1.2651970161202022 0.005066037923666888
-1.3489883787553696 -0.7688397213897237
-1.4640676073796548 0.0615198900388271
-1.9423889045266276 -0.6741068087250468
-1.2605153240881788 -0.08769318445006569
-0.7781226227975868 0.09480779645699824
-1.371223853774066 0.2505354737413765
-0.6441951949004121 0.33878383535434853
-1.355173675963622 0.21106880018957844
-2.9116073611874245 4.576247269583012
-1.113253873421785 0.3262880100053436
-1.2450510203004144 -0.9062733482338433
3.3460047802378385 1.130175262189567
-1.6978873714752294 -0.5960575597995191
-0.8429991454786724 0.4800993230096585
3.350188932029257 0.12366797064190638
2.8929833476787215 1.258072539965701
-1.357895823817873 -0.1792235511480328
-2.287661891883642 -0.8517421545882417
3.7740585991680957 0.6612061152268909
-1.9096513009751415 4.21063177336054
3.119844132959789 0.4665674402395257
-1.899297009303923 -0.6421149793471027
-1.8965677937219831 3.765034485116373
-1.3130808101358993 -0.24171002737631053
-1.2869950722954488 0.2320464945816064
2.5601910904445755 0.8894130974800456
-0.982893253027054 -0.14956585262744734
3.5995554527752263 1.16782466132908
-1.7053183994551562 -0.32430031447235236
3.1986630804642604 0.9610849983849569
-1.3240731027106094 0.9910826129355271
3.637533173572459 1.352756626368764
-2.1528678868071163 -0.6497813728660579
-1.275507516598738 0.1002092942839016
3.3959025881550224 0.4976553993715841
-0.9193138818655676 0.32935678640677346
-1.2634025488137524 0.6600669235080021
3.147531026482015 0.9439212365672867
-2.05154844544277 -0.8808956817983986
-1.2670400512659716 -1.3880035145809935
-0.8337445166815618 0.5396493311697065
-1.2025012294796498 0.5151303312451312
3.7184604270729387 0.5636662207819332
-0.997175252618095 0.29962186018819803
3.1861871089440186 1.4171809911112676
-1.719782651411455 -0.9702062830638942
3.4271692719243325 0.9126179881592701
-1.478782732303216 -0.09685915676021366
-2.390192456962761 -0.3952313110517566
-1.2168734518898292 0.5127345267276139
3.2620789797122676 1.1375448431450648
-1.2499917426926257 -0.5285115290266204
3.1773893106745943 0.6635666951162549
-1.3557894237281554 -0.2195444290817145
-2.3444400730103863 4.888375529015148
-1.0152077756806912 -0.49158646462392497
-1.4402041685070937 -0.06745144969964426
-1.9788516336493287 -0.29366441347628547
-3.055999131310268 3.6517187699568714
-2.087384236491937 4.067393323633903
-0.9446512440867848 0.6592824461404083
-1.9098596777713281 -0.4975164177548115
3.3363699389394696 0.5061771334540537
-1.4576339221192431 -0.2580227649654053
-1.264665283620014 -0.16964311151241754
-1.2797579435446238 -0.8592776977867324
-1.1532545842657023 0.5949936407188684
3.6622638469239934 0.7155042715081129
-1.2776920248459849 -0.0597464857966615
3.4180350488708715 0.20992979918188914
-2.252349196166108 3.4992095780337875
-0.6291735958130674 0.3864650635236765
-1.6986960743344275 -0.572843930127132
-2.5768979558123295 5.593513891112769
3.7874322571504107 0.4238539415273954
-1.4160534558797888 -0.28746717208534134
-0.8761061561696953 0.17473459626513957
3.1655517895104266 1.5505922090043254
3.6397510235833344 1.2058638902624286
3.12675962983568 0.7493964583142675
3.5732735207032746 0.690757017155656
-1.2874724299669258 -0.32875994439622214
3.587080773778529 1.2158503505452778
-1.4825144350119215 0.04522882724855404
3.296765300468201 0.9436047406885623
-1.971227962914068 -1.4425083134909789
-1.592697701265496 -0.07667991292901459
-1.9627452729308876 -0.2940818454367126
-1.4954019790325852 -0.045256621811810296
4.202928036880459 0.9889251806983048
-0.7342782158989938 0.08796351028854074
3.3419820534797653 -0.08955492452774527
3.2984878008299785 0.6071921507392963
-0.4563278067924563 0.5690830194785693
-1.2432536022645282 0.026964499985185048
-2.089373960406867 -0.5444492302839673
-1.9923518293797322 4.437145760044572
-0.8732070237603984 0.24947063498302538
3.5746229815162525 0.893026328608994
-1.3081263828919316 0.08094266823988233
-2.9133389022309126 -0.5073650068715879
-1.545068628827962 0.009940271386101623
-1.3439765006668414 -0.18418399129540988
-0.3865519177420722 0.6640123547633395
-2.41944199656855 3.4670677637379184
3.211727221346696 0.9599153021366182
-1.635835490096769 -0.0049713681535368814
3.33442283371266 0.7475599392106141
2.9911120188290474 1.045462614045759
-0.9519894978864682 0.4723823115602669
-1.8374445578283558 0.32501814659479966
3.4730547917934445 0.7432436209801583
3.432432977590896 0.4964283042812337
-1.8925568691736752 -0.8418375823133264
-1.5846504180339334 -0.4768498766074075
-1.159498448028917 -0.1723929397059885
-1.5964378372999108 0.496972195015589
-1.21161483619695 -0.07289329077817305
2.1016748300061225 0.8953119986736316
-1.2977038606283282 0.2843737268144654
-0.9197474004374349 0.4371137561260585
-1.2579790789297118 0.6284371507928809
3.0812746661408816 0.2795184272886268
3.3196977712123936 0.39824332163695014
-2.198479358472807 -0.669497669838968
-1.2627233668309943 -0.21151971122168978
-1.349099407169103 0.35817645699150547
-0.8130901733676846 0.3623439225619395
-1.3049448657961729 0.6506354160754337
-1.801762687354341 5.386618651439198
-2.4161657126057703 -0.7031579564469571
-1.4217392153548618 0.06620195525119399
-2.061692607625677 -0.6497541996923363
-0.6535061092384576 -0.002009979659484268
2.947511703389823 0.9669807234670683
-0.7150888341117441 0.5020524742854792
3.3212685121119394 0.7202235386999859
-1.4202420351073717 0.22023186976865658
-1.5250506571771185 -0.36544924116680333
-1.7412207194623694 -0.33821312987225927
-1.2040453875588542 0.1223390847213647
-2.1031302650146886 -0.7850934865452059
-0.9177907125325168 -0.5370446950151965
-1.0730109900387939 -0.19677295006937828
-1.031658866861585 -0.7161578735443349
-1.9410412873230922 5.0359682312299725
-2.0155534367888404 -0.45850510567474356
-1.932683459717944 -0.541513197749752
-1.697206769275342 -0.24031212930641158
3.234785721314251 0.9510360018979614
3.3050617039969454 0.7990938547221487
3.877678016907633 0.2068736197405362
4.253684353225765 0.45404536800406076
-1.0048250981081241 -0.6760676008247788
3.2623072387763097 1.2496322830451883
-2.1626283446493737 -1.0138602132617032
-1.5546648007670307 0.2818646640072553
3.5179351282279083 0.6731458135248617
-0.7315739118169173 1.0522221092478201
3.164801208418938 0.44520429560019914
3.103745599426413 1.2444362416116577
-1.6762972202517998 -0.950584117626522
-1.408481616455128 -0.4688174386656546
-1.0143892036248978 0.5049712540851593
-0.8118689186977416 0.5722894126722985
-0.9840850546477584 0.010780863606048824